
**********************************************
wt40-1.txt
SOLUTION FINALE: 
	   36   34   33    5    0    6    1    2   20   30   19   14   16   22   21    8   25   11   10   28   24   18   17   35    4    3   12   37   27    7   31   39   13   32    9   15   23   29   38   26	Fitness:   5022

NOMBRE EVALUATIONS: 100/100
**********************************************

**********************************************
wt40-1.txt
SOLUTION FINALE: 
	   39   28   30    0   35   36    5   16   25   33    6   34   15   31   29    1    3    7   32   13   19   20    8   24   11   22   10   12   37   38   26   27   23   17    9    4   14   21    2   18	Fitness:   9009

NOMBRE EVALUATIONS: 101/100
**********************************************

**********************************************
wt40-1.txt
SOLUTION FINALE: 
	    0   15    1   13   25   30   20    5   17    6   37    9   10   16   27    4   38   31    7   19   35   39   18   36    2   34   21   28   12   14   29   33   11   24   22    3   32   26   23    8	Fitness:  16494

NOMBRE EVALUATIONS: 101/100
**********************************************

**********************************************
wt40-1.txt
SOLUTION FINALE: 
	    5    4   10   18   15   16   21   11   14   28   37   36   33   27   35   34   24    8   19    6   26   25   29    1   32   13   20   22    0   30    3   17    2   23   31   39    9   12    7   38	Fitness:   1601

NOMBRE EVALUATIONS: 6001/6000
**********************************************

**********************************************
wt40-1.txt
SOLUTION FINALE: 
	    5   26   29   35   18    8   38   14   10   11   19   25   28    3   33   22   34   27   32   20    0   16   13   37    1   30   36    6    4   24   21    9   15    2   23   17   12   31   39    7	Fitness:   1587

NOMBRE EVALUATIONS: 6001/6000
**********************************************

**********************************************
wt40-1.txt
SOLUTION FINALE: 
	   28   18   10   26    3   25    0   22   13   11    6   32   35   33    5    1   27   37   24   36    9   21   20   31   16   30   14   15    4   19    8   34   29   39    2   17   23    7   38   12	Fitness:   1543

NOMBRE EVALUATIONS: 6001/6000
**********************************************

**********************************************
wt40-1.txt
SOLUTION FINALE: 
	   35    1   30    3    6    4   11   13   36   20   18   10   26    5   14   17   33   32    9   21   15   28   23   25   39   31   37   34   38    0   24   19   29    8   12   22   16    2   27    7	Fitness:   7854

NOMBRE EVALUATIONS: 6091/6000
**********************************************

**********************************************
wt40-1.txt
SOLUTION FINALE: 
	   24    5    0   15   18   10   28   29   23   17    6   38    8   39   11    9   22   13   20   31   12    2    3   25    4   33   26   37   27   35   36    1   30   19   34   32   14   16   21    7	Fitness:  13961

NOMBRE EVALUATIONS: 6131/6000
**********************************************

**********************************************
wt40-1.txt
SOLUTION FINALE: 
	   16   23   24   31   28   36   33    4   34    5   14   39   17   38   22   10   21    3   37   19   27    7   25    6   26    0   15   29   30    2   13   11   32    1   35    8   18   20    9   12	Fitness:   8096

NOMBRE EVALUATIONS: 6051/6000
**********************************************

**********************************************
wt40-1.txt
SOLUTION FINALE: 
	    3   23   26   27   19    7    6    2   13   29   22   10   39   33   11   28   12   36   17   35   16    5   20   18    9    8   37   32   30   31    0   38    1   21    4   24   34   14   25   15	Fitness:  11672

NOMBRE EVALUATIONS: 6161/6000
**********************************************

**********************************************
wt40-1.txt
SOLUTION FINALE: 
	   39   33   37   10    9   18   27   19    6   21    8   17   25   26   22   15    2   35   30    4   29   11    5    1   32   36    0   24   34   16   13   14   20   28    3   31   23    7   38   12	Fitness:   1082

NOMBRE EVALUATIONS: 6491/6000
**********************************************

**********************************************
wt40-1.txt
SOLUTION FINALE: 
	   10   25   21   18    2   24    9   35   28   16   20   22    0   30   26   32   29    1   37    5    8   13   19   33   34    4   11   14    6   36   15   27    3   23   39   17   31    7   38   12	Fitness:    930

NOMBRE EVALUATIONS: 6251/6000
**********************************************

**********************************************
wt40-1.txt
SOLUTION FINALE: 
	   34   25   35   14    5   30   16   15   24   26    1   11   32   37   22   13   27    0    8   18   33   23   19    6   36    9   17   10   21   29    4    2    3   20   28   31   39    7   38   12	Fitness:    956

NOMBRE EVALUATIONS: 6001/6000
**********************************************

**********************************************
wt40-1.txt
SOLUTION FINALE: 
	    9    7   15   35   28   38   21    0   13   29   34    4   10   27    3    1   22   18   26    6   20   23   30    2   37    5   36   25   31   17   32   19   16   33    8   24   14   11   39   12	Fitness:  10747

NOMBRE EVALUATIONS: 6111/6000
**********************************************

**********************************************
wt40-1.txt
SOLUTION FINALE: 
	   25    8    4   26   20    7   11   27   23   35    0    1    9   32   34   17   37   24   29   30    6   21   22   16   33    2   10   15    3   19   31   12   14   39   28   36    5   18   13   38	Fitness:   7013

NOMBRE EVALUATIONS: 6071/6000
**********************************************

**********************************************
wt40-1.txt
SOLUTION FINALE: 
	   30   10   13   34   31   17   18   11   39   22    9   36    2   27    3   21   16   32    1   23   25   24   12   37   19   15   33    6   38   28    4   29   14    5   35    8   20   26    0    7	Fitness:  10091

NOMBRE EVALUATIONS: 6251/6000
**********************************************

**********************************************
wt40-1.txt
SOLUTION FINALE: 
	   20   23   21   15   28   16    0   22   13   18   19    1   29    7   10   37   25   31   38   17   34   26   14   32   35   30    6    3    5   11    9   39   12    4   36   33    8    2   24   27	Fitness:  13255

NOMBRE EVALUATIONS: 6091/6000
**********************************************

**********************************************
wt40-1.txt
SOLUTION FINALE: 
	   30   11   25   15   36    0    4   24   34   28   38   18   26   31    2   13    3   35   10    6   19   17   27   33   12   39   37    1    5   22   21   14    8   20    7   32   16    9   23   29	Fitness:   6907

NOMBRE EVALUATIONS: 6081/6000
**********************************************

**********************************************
wt40-1.txt
SOLUTION FINALE: 
	   14   15   19    6   18   33   10   23   22   11   24   27    5   17   16   30   37   38   13   21   29    2   31    8    3    4   12   25    9   35    1   32    7   36   26   28   34   20    0   39	Fitness:  11585

NOMBRE EVALUATIONS: 6051/6000
**********************************************

**********************************************
wt40-1.txt
SOLUTION FINALE: 
	   10   16   38   14   37   12    4   32   26    7   24   39   22    3   25   29    1    5   30   11    8   31   34   20   18   17   19   13   28   21   27   33   35   36    2    6    9   23   15    0	Fitness:   5597

NOMBRE EVALUATIONS: 6081/6000
**********************************************

**********************************************
wt40-1.txt
SOLUTION FINALE: 
	   10   30   12    0   23   26   18   16    3   37   33    8    4   21    7   35   34   17    9   32   20   27   15   39   38   14    5    6   25   11   29    1   24   36   28   22   13   31   19    2	Fitness:  12403

NOMBRE EVALUATIONS: 6061/6000
**********************************************

**********************************************
wt40-1.txt
SOLUTION FINALE: 
	   30   21    8    1   29   23    3    4   31   26   33   10   39   32   22   13   12    7   20   25   11    6   16    2    9   15   14   37   18   34   24   19   36    5   17   28   35   27    0   38	Fitness:  10925

NOMBRE EVALUATIONS: 6211/6000
**********************************************

**********************************************
wt40-1.txt
SOLUTION FINALE: 
	    6    8   17   28   35   26    7   27   34   23   39    1   12   16   20   18   25    0   13   33   15   22   11   14   10    9   32   31   37   24   19    5   38    4    3   30    2   36   21   29	Fitness:   8063

NOMBRE EVALUATIONS: 6181/6000
**********************************************

**********************************************
wt40-1.txt
SOLUTION FINALE: 
	   23   31   10   22   26   16   12   20   29   28   39   34   19   38   17   15    4   13    1    6   27   30   14   36   37   11    9    2   21   33   24    5   25   18    8   32    3   35    0    7	Fitness:  11486

NOMBRE EVALUATIONS: 6141/6000
**********************************************

**********************************************
wt40-1.txt
SOLUTION FINALE: 
	   25    0   34    5   18    1    4   15    9   20   22    2   19   10   26   13   21   35   24   37   32   36   11   33    6   16   27   30    3   29   14    8   23   28   39   17   31    7   38   12	Fitness:    930

NOMBRE EVALUATIONS: 6341/6000
**********************************************

**********************************************
wt40-1.txt
SOLUTION FINALE: 
	   11   19   35    6    0   15   10   33   37   24    8   34    1   29   26   21    3   18   27    5    9   36   22   16    4   25   32    2   31   13   14   30   23   20   28   17   39    7   38   12	Fitness:    956

NOMBRE EVALUATIONS: 6051/6000
**********************************************

**********************************************
wt40-1.txt
SOLUTION FINALE: 
	    5   20   18   28   10   30   33    8   16   37    2   24    1    6   13   34   36   29   26   27   35    0   25   11   19   22   21    9    3   32   15   14    4   23   17   31   39    7   38   12	Fitness:    956

NOMBRE EVALUATIONS: 6011/6000
**********************************************

**********************************************
wt40-1.txt
SOLUTION FINALE: 
	   15   37   36   26    8    4    3    5   25   16   33   24   11   29   13   32   20   19    0   21   34   35   18   22    6    9   30   10    1   31   27    2   14   23   17   28   39    7   38   12	Fitness:    956

NOMBRE EVALUATIONS: 6051/6000
**********************************************

**********************************************
wt40-1.txt
SOLUTION FINALE: 
	   10   33    8   11   22   37   19    3   36   14    1   16   13    9   18   21   34   15   25   24    2    5   35   26    6    0   32   27   29    4   30   20   23   28   39   17   31   38    7   12	Fitness:    954

NOMBRE EVALUATIONS: 6491/6000
**********************************************

**********************************************
wt40-1.txt
SOLUTION FINALE: 
	    5   15   36   33   25   20   35   37   32   22   30   27   18   21    0    3    2   10    6   26    1    9   11   34   13   17   24   16    8   19   29    4   14   23   28   31   39   38    7   12	Fitness:    980

NOMBRE EVALUATIONS: 6091/6000
**********************************************

**********************************************
wt40-1.txt
SOLUTION FINALE: 
	   25   17    3   15   29   24   35    6   19   32    4    1    0   26   13   22    5   18   30   37   27    9   11   21   33   36   38   34   10   16   14   20    8    2   39   28   31   23    7   12	Fitness:   1012

NOMBRE EVALUATIONS: 6311/6000
**********************************************

**********************************************
wt40-1.txt
SOLUTION FINALE: 
	   26   27   33   10   34   11    0   25   30   16   37   19   14   22   36    4   29   32   35   21   18    1   24    6   38   13    8    5    9   15    3    2   23   20   28   17   31   39    7   12	Fitness:    913

NOMBRE EVALUATIONS: 6211/6000
**********************************************

**********************************************
wt40-1.txt
SOLUTION FINALE: 
	   22   26   21    5   29   30   28   37    4   20   35   24   13   27   14   11    1    8   34   18   36    9    0    3   16   25   19   31    6   32   17   33   10   15    2   23   39    7   38   12	Fitness:   1182

NOMBRE EVALUATIONS: 6171/6000
**********************************************

**********************************************
wt40-1.txt
SOLUTION FINALE: 
	   21   31   37    8   10   34    1   32    5   11   33   35   15   24   16   29    9   13    6   20   18    4   22   14   36   26    3    0   30   25   17   19   27    2   23   28   39    7   38   12	Fitness:    956

NOMBRE EVALUATIONS: 6431/6000
**********************************************

**********************************************
wt40-1.txt
SOLUTION FINALE: 
	   26   19   33   16   13    8   37    9   18   38   24   27   35   14   22   36   21    0    4   11   34   25   15    6   32    5   17    1   29   20   10   30    2    3   39   28   31   23    7   12	Fitness:   1012

NOMBRE EVALUATIONS: 6361/6000
**********************************************

**********************************************
wt40-1.txt
SOLUTION FINALE: 
	    9   24   22   11   37   36   16   34   26   21   19   32   10   38    6   35   15    0   14   25    1    5   13   30   18   27   29   33    2    4    8   23    3   20   28   17   31   39    7   12	Fitness:    913

NOMBRE EVALUATIONS: 6371/6000
**********************************************

**********************************************
wt40-1.txt
SOLUTION FINALE: 
	   17   16   19   34   37   21    5   32   33   13   26   18    0   36   24    2   29    6   30   15   25    1   35   11   20   27   22   14   10    9    8    3    4   23   28   31   39   38    7   12	Fitness:    980

NOMBRE EVALUATIONS: 6261/6000
**********************************************

**********************************************
wt40-1.txt
SOLUTION FINALE: 
	   21   30   25   13   28    1   10   26   29   22   35   24    5    4   37   11    6   34   27    9   16   17   33   15   14   18   19   36    8   32    0    2   20    3   23   31   39    7   38   12	Fitness:    956

NOMBRE EVALUATIONS: 6391/6000
**********************************************

**********************************************
wt40-1.txt
SOLUTION FINALE: 
	   13   20    5   29    3   17   18   33   26   22   21   35   25    1   11   19    6   24   34   10   36   16    4   14    8   37   32   27    9   31    0   30   15    2   23   28   39    7   38   12	Fitness:    956

NOMBRE EVALUATIONS: 6341/6000
**********************************************
